RetDur,BotBrack,StimDur,UpBrack,ProbeDurITI,ProbeDur,ProbeStart,TrialDur,ITI,StimSet,RetStart,ProbeLet,TrialITIDur,Correct,trials.thisRepN,trials.thisTrialN,trials.thisN,trials.thisIndex,ScannerTrigger.keys,ScannerTrigger.rt,TrialStartTime,KeyboardResp.keys,KeyboardResp.corr,KeyboardResp.rt,Participant ID,date,expName,Visit ID,frameRate,
,,,,,,,,,,,,,,0,-1,-1,0,equal,24.274492979,,,,,2001,2016_Jan_18_1130,PartialTrial,1,59.9631726425,
,,,,,,,,,,,,,,0,-1,-1,0,,,1453134669.48,,,,2001,2016_Jan_18_1130,PartialTrial,1,59.9631726425,
5,0,2,23,4.024,0,7,7,4.024,QGHFKR,2, ,11.024,7,0,0,0,0,,,1453134679.48,None,0,,2001,2016_Jan_18_1130,PartialTrial,1,59.9631726425,
5,0,2,23456,4.13,0,7,7,4.13,XDJLTM,2, ,11.13,7,0,1,1,1,,,1453134690.5,None,0,,2001,2016_Jan_18_1130,PartialTrial,1,59.9631726425,
5,4,2,2345,6.287,2,7,9,4.287,XYNBRF,2,gkqdtj,13.287,7,0,2,2,2,,,1453134701.62,['8'],0,[1.1834850311279297],2001,2016_Jan_18_1130,PartialTrial,1,59.9631726425,
5,1,2,123456,6.209,2,7,9,4.209,FKMTQG,2,yhdlwb,13.209,7,0,3,3,3,,,1453134714.91,['8'],0,[1.7185120582580566],2001,2016_Jan_18_1130,PartialTrial,1,59.9631726425,
5,5,2,2,6.569,2,7,9,4.569,TNJDWB,2,qxhyfl,13.569,7,0,4,4,4,,,1453134728.11,['8'],0,[0.9505431652069092],2001,2016_Jan_18_1130,PartialTrial,1,59.9631726425,
0,3,2,2345,6.67,2,2,4,4.67,LRHKMY,2,qgrnfw,8.67,6,0,5,5,5,,,1453134741.69,['8'],0,[0.9331409931182861],2001,2016_Jan_18_1130,PartialTrial,1,59.9631726425,
5,1,2,6,6.565,2,7,9,4.565,WRBDHN,2,myqxgl,13.565,7,0,6,6,6,,,1453134750.36,['8'],0,[0.8507850170135498],2001,2016_Jan_18_1130,PartialTrial,1,59.9631726425,
5,6,2,345,6.112,2,7,9,4.112,XLTFHQ,2,rgjdbh,13.112,6,0,7,7,7,,,1453134763.93,['7'],0,[1.1844489574432373],2001,2016_Jan_18_1130,PartialTrial,1,59.9631726425,
5,5,2,6,6.05,2,7,9,4.05,WBFJTY,2,rmhqyd,13.05,6,0,8,8,8,,,1453134777.03,['7'],0,[1.0015060901641846],2001,2016_Jan_18_1130,PartialTrial,1,59.9631726425,
0,0,2,123456,4.104,0,2,2,4.104,JGMQFB,2, ,6.104,6,0,9,9,9,,,1453134790.09,None,0,,2001,2016_Jan_18_1130,PartialTrial,1,59.9631726425,
0,3,2,1234,6.125,2,2,4,4.125,KTMWNL,2,drbgfq,8.125,7,0,10,10,10,,,1453134796.19,['8'],0,[1.5674219131469727],2001,2016_Jan_18_1130,PartialTrial,1,59.9631726425,
5,6,2,23456,6.025,2,7,9,4.025,KLQMGW,2,ydjrtb,13.025,7,0,11,11,11,,,1453134804.31,['8'],0,[1.2677080631256104],2001,2016_Jan_18_1130,PartialTrial,1,59.9631726425,
0,0,2,34,4.4,0,2,2,4.4,KMNFBQ,2, ,6.4,6,0,12,12,12,,,1453134817.33,None,0,,2001,2016_Jan_18_1130,PartialTrial,1,59.9631726425,
5,2,2,2345,6.038,2,7,9,4.038,GJBMRN,2,hjxlqk,13.038,6,0,13,13,13,,,1453134823.73,['7'],0,[1.1174747943878174],2001,2016_Jan_18_1130,PartialTrial,1,59.9631726425,
5,0,2,12345,4.02,0,7,7,4.02,YRMBKD,2, ,11.02,6,0,14,14,14,,,1453134836.77,None,0,,2001,2016_Jan_18_1130,PartialTrial,1,59.9631726425,
0,1,2,12345,7.137,2,2,4,5.137,WHQBYD,2,gntfrx,9.137,7,0,15,15,15,,,1453134847.79,['8'],0,[1.3343379497528076],2001,2016_Jan_18_1130,PartialTrial,1,59.9631726425,
5,6,2,45,6.116,2,7,9,4.116,XYDNTF,2,kgmjwn,13.116,6,0,16,16,16,,,1453134856.93,['7'],0,[1.1509358882904053],2001,2016_Jan_18_1130,PartialTrial,1,59.9631726425,
5,4,2,345,7.139,2,7,9,5.139,LMBRKW,2,fnxgtj,14.139,7,0,17,17,17,,,1453134870.05,['8'],0,[0.9176900386810303],2001,2016_Jan_18_1130,PartialTrial,1,59.9631726425,
5,6,2,12345,6.618,2,7,9,4.618,MFXWDL,2,jhrbkd,13.618,6,0,18,18,18,,,1453134884.19,['7'],0,[1.2510559558868408],2001,2016_Jan_18_1130,PartialTrial,1,59.9631726425,
5,6,2,123456,6.001,2,7,9,4.001,JRHKTN,2,mlyxbd,13.001,7,0,19,19,19,,,1453134897.81,['8'],0,[2.5356059074401855],2001,2016_Jan_18_1130,PartialTrial,1,59.9631726425,
0,1,2,123,6.0,2,2,4,4.0,GJDXLW,2,jqmrhf,8.0,6,0,20,20,20,,,1453134910.81,['7'],0,[1.033370018005371],2001,2016_Jan_18_1130,PartialTrial,1,59.9631726425,
5,4,2,234,6.12,2,7,9,4.12,XWMYTB,2,hdnmfk,13.12,6,0,21,21,21,,,1453134918.82,['7'],0,[1.4842469692230225],2001,2016_Jan_18_1130,PartialTrial,1,59.9631726425,
5,3,2,2345,6.417,2,7,9,4.417,JKFLDH,2,ynqxrg,13.417,7,0,22,22,22,,,1453134931.94,['8'],0,[1.1013860702514648],2001,2016_Jan_18_1130,PartialTrial,1,59.9631726425,
0,5,2,123456,7.972,2,2,4,5.972,NHWFQR,2,xbktqj,9.972,6,0,23,23,23,,,1453134945.36,['7'],0,[1.1015009880065918],2001,2016_Jan_18_1130,PartialTrial,1,59.9631726425,
5,0,2,123,4.024,0,7,7,4.024,QWYKRB,2, ,11.024,7,0,24,24,24,,,1453134955.33,None,0,,2001,2016_Jan_18_1130,PartialTrial,1,59.9631726425,
0,0,2,2345,4.002,0,2,2,4.002,HXTQMD,2, ,6.002,7,0,25,25,25,,,1453134966.35,None,0,,2001,2016_Jan_18_1130,PartialTrial,1,59.9631726425,
5,5,2,123,6.021,2,7,9,4.021,GRKBTJ,2,nymxql,13.021,7,0,26,26,26,,,1453134972.35,['8'],0,[1.1687560081481934],2001,2016_Jan_18_1130,PartialTrial,1,59.9631726425,
5,0,2,3456,4.386,0,7,7,4.386,XTRNKH,2, ,11.386,7,0,27,27,27,,,1453134985.37,None,0,,2001,2016_Jan_18_1130,PartialTrial,1,59.9631726425,
0,0,2,6,4.038,0,2,2,4.038,WLRJNG,2, ,6.038,6,0,28,28,28,,,1453134996.76,None,0,,2001,2016_Jan_18_1130,PartialTrial,1,59.9631726425,
5,4,2,3456,6.415,2,7,9,4.415,XTNJWF,2,ygbqdh,13.415,7,0,29,29,29,,,1453135002.8,['8'],0,[0.9181210994720459],2001,2016_Jan_18_1130,PartialTrial,1,59.9631726425,
5,3,2,12,6.128,2,7,9,4.128,KXBLTD,2,mnygrf,13.128,7,0,30,30,30,,,1453135016.2,['8'],0,[0.8678150177001953],2001,2016_Jan_18_1130,PartialTrial,1,59.9631726425,
5,0,2,345,4.015,0,7,7,4.015,QRFJDH,2, ,11.015,6,0,31,31,31,,,1453135029.32,None,0,,2001,2016_Jan_18_1130,PartialTrial,1,59.9631726425,
5,3,2,123456,6.164,2,7,9,4.164,MXRTLF,2,bylqkd,13.164,6,0,32,32,32,,,1453135040.34,['7'],0,[1.2833099365234375],2001,2016_Jan_18_1130,PartialTrial,1,59.9631726425,
0,0,2,123456,4.517,0,2,2,4.517,FJKMBQ,2, ,6.517,7,0,33,33,33,,,1453135053.5,None,0,,2001,2016_Jan_18_1130,PartialTrial,1,59.9631726425,
5,6,2,123456,6.074,2,7,9,4.074,YMQHXG,2,twrkjy,13.074,6,0,34,34,34,,,1453135060.02,['7'],0,[1.0179100036621094],2001,2016_Jan_18_1130,PartialTrial,1,59.9631726425,
5,1,2,3456,7.255,2,7,9,5.255,JFRBMN,2,nhgxqt,14.255,6,0,35,35,35,,,1453135073.09,['8'],0,[1.5674350261688232],2001,2016_Jan_18_1130,PartialTrial,1,59.9631726425,
5,2,2,12345,6.516,2,7,9,4.516,GMBFLX,2,hqydrt,13.516,7,0,36,36,36,,,1453135087.34,['8'],0,[1.1345748901367188],2001,2016_Jan_18_1130,PartialTrial,1,59.9631726425,
0,0,2,12345,4.301,0,2,2,4.301,MGJHDF,2, ,6.301,6,0,37,37,37,,,1453135100.87,None,0,,2001,2016_Jan_18_1130,PartialTrial,1,59.9631726425,
0,6,2,456,6.025,2,2,4,4.025,WMJNLK,2,tdyxhb,8.025,7,0,38,38,38,,,1453135107.17,['8'],0,[1.101201057434082],2001,2016_Jan_18_1130,PartialTrial,1,59.9631726425,
5,1,2,1234,6.312,2,7,9,4.312,QGMLKT,2,qhyndw,13.312,6,0,39,39,39,,,1453135115.19,['8'],0,[1.6351091861724854],2001,2016_Jan_18_1130,PartialTrial,1,59.9631726425,
5,3,2,23,6.003,2,7,9,4.003,NHQMRX,2,ljhtbw,13.003,6,0,40,40,40,,,1453135128.49,['7'],0,[1.1007170677185059],2001,2016_Jan_18_1130,PartialTrial,1,59.9631726425,
0,6,2,4,6.6,2,2,4,4.6,NTKWBY,2,dxmrgw,8.6,6,0,41,41,41,,,1453135141.5,['7'],0,[0.7999999523162842],2001,2016_Jan_18_1130,PartialTrial,1,59.9631726425,
0,0,2,45,4.039,0,2,2,4.039,YLTXNK,2, ,6.039,7,0,42,42,42,,,1453135150.1,None,0,,2001,2016_Jan_18_1130,PartialTrial,1,59.9631726425,
5,2,2,456,6.147,2,7,9,4.147,XYDNTF,2,btmrgk,13.147,6,0,43,43,43,,,1453135156.13,['7'],0,[1.0837690830230713],2001,2016_Jan_18_1130,PartialTrial,1,59.9631726425,
5,1,2,5,6.173,2,7,9,4.173,DHWBGK,2,grxjnq,13.173,6,0,44,44,44,,,1453135169.27,['7'],0,[0.6841039657592773],2001,2016_Jan_18_1130,PartialTrial,1,59.9631726425,
0,2,2,23,6.096,2,2,4,4.096,BMLJWY,2,ktnxfh,8.096,7,0,45,45,45,,,1453135182.44,['8'],0,[1.1004600524902344],2001,2016_Jan_18_1130,PartialTrial,1,59.9631726425,
0,2,2,123456,6.202,2,2,4,4.202,KHGWLF,2,dqyxtn,8.202,7,0,46,46,46,,,1453135190.55,['8'],0,[1.8342981338500977],2001,2016_Jan_18_1130,PartialTrial,1,59.9631726425,
5,1,2,12345,7.671,2,7,9,5.671,KYTQLJ,2,qxgwrd,14.671,6,0,47,47,47,,,1453135198.75,['7'],0,[1.8175110816955566],2001,2016_Jan_18_1130,PartialTrial,1,59.9631726425,
0,0,2,1,4.189,0,2,2,4.189,XYLWHD,2, ,6.189,7,0,48,48,48,,,1453135213.42,None,0,,2001,2016_Jan_18_1130,PartialTrial,1,59.9631726425,
5,0,2,3456,4.363,0,7,7,4.363,LNFKGJ,2, ,11.363,6,0,49,49,49,,,1453135219.61,None,0,,2001,2016_Jan_18_1130,PartialTrial,1,59.9631726425,
5,1,2,23456,6.052,2,7,9,4.052,GYHWQK,2,djxnrf,13.052,7,0,50,50,50,,,1453135230.96,['8'],0,[1.1356241703033447],2001,2016_Jan_18_1130,PartialTrial,1,59.9631726425,
0,6,2,45,6.121,2,2,4,4.121,RYNLWB,2,jmtghl,8.121,6,0,51,51,51,,,1453135244.02,['7'],0,[0.8340630531311035],2001,2016_Jan_18_1130,PartialTrial,1,59.9631726425,
0,0,2,23456,4.103,0,2,2,4.103,TYBDRX,2, ,6.103,7,0,52,52,52,,,1453135252.14,None,0,,2001,2016_Jan_18_1130,PartialTrial,1,59.9631726425,
0,0,2,234,4.045,0,2,2,4.045,XDYGRT,2, ,6.045,7,0,53,53,53,,,1453135258.24,None,0,,2001,2016_Jan_18_1130,PartialTrial,1,59.9631726425,
0,0,2,123,4.01,0,2,2,4.01,HYDTGR,2, ,6.01,6,0,54,54,54,,,1453135264.27,None,0,,2001,2016_Jan_18_1130,PartialTrial,1,59.9631726425,
5,3,2,123456,6.011,2,7,9,4.011,WNDHRY,2,txbkml,13.011,7,0,55,55,55,,,1453135270.28,['8'],0,[0.9850358963012695],2001,2016_Jan_18_1130,PartialTrial,1,59.9631726425,
5,6,2,23,6.146,2,7,9,4.146,NJWFRG,2,lkqmdj,13.146,6,0,56,56,56,,,1453135283.28,['7'],0,[0.8686699867248535],2001,2016_Jan_18_1130,PartialTrial,1,59.9631726425,
5,4,2,23,6.185,2,7,9,4.185,BTXWRQ,2,mykndj,13.185,7,0,57,57,57,,,1453135296.42,['8'],0,[1.1168320178985596],2001,2016_Jan_18_1130,PartialTrial,1,59.9631726425,
5,0,2,1,4.045,0,7,7,4.045,MYXJNT,2, ,11.045,6,0,58,58,58,,,1453135309.61,None,0,,2001,2016_Jan_18_1130,PartialTrial,1,59.9631726425,
0,0,2,3456,4.043,0,2,2,4.043,HBYLMQ,2, ,6.043,6,0,59,59,59,,,1453135320.64,None,0,,2001,2016_Jan_18_1130,PartialTrial,1,59.9631726425,
0,2,2,12345,6.427,2,2,4,4.427,GLMNYH,2,knqwxb,8.427,6,0,60,60,60,,,1453135326.68,['7'],0,[1.5179929733276367],2001,2016_Jan_18_1130,PartialTrial,1,59.9631726425,
5,2,2,234,6.278,2,7,9,4.278,WHXFRB,2,jdglqm,13.278,7,0,61,61,61,,,1453135335.1,['8'],0,[1.0669629573822021],2001,2016_Jan_18_1130,PartialTrial,1,59.9631726425,
5,3,2,123456,6.002,2,7,9,4.002,JRWBTF,2,lgbnqh,13.002,6,0,62,62,62,,,1453135348.37,['7'],0,[1.3011698722839355],2001,2016_Jan_18_1130,PartialTrial,1,59.9631726425,
5,0,2,123456,4.067,0,7,7,4.067,BDLTMY,2, ,11.067,6,0,63,63,63,,,1453135361.38,None,0,,2001,2016_Jan_18_1130,PartialTrial,1,59.9631726425,
5,4,2,45,6.374,2,7,9,4.374,QMGDKH,2,tlxrjy,13.374,7,0,64,64,64,,,1453135372.45,['8'],0,[0.8512899875640869],2001,2016_Jan_18_1130,PartialTrial,1,59.9631726425,
5,2,2,23456,6.155,2,7,9,4.155,YWDLHX,2,tlfbjr,13.155,6,0,65,65,65,,,1453135385.82,['7'],0,[0.9187259674072266],2001,2016_Jan_18_1130,PartialTrial,1,59.9631726425,
5,0,2,23,4.053,0,7,7,4.053,HGFJRD,2, ,11.053,6,0,66,66,66,,,1453135398.97,None,0,,2001,2016_Jan_18_1130,PartialTrial,1,59.9631726425,
5,1,2,5,6.055,2,7,9,4.055,TNJHXF,2,xgqrdk,13.055,6,0,67,67,67,,,1453135410.03,['7'],0,[0.734576940536499],2001,2016_Jan_18_1130,PartialTrial,1,59.9631726425,
5,0,2,4,4.279,0,7,7,4.279,QWNGHM,2, ,11.279,7,0,68,68,68,,,1453135423.08,None,0,,2001,2016_Jan_18_1130,PartialTrial,1,59.9631726425,
5,0,2,123456,4.455,0,7,7,4.455,XLNJFR,2, ,11.455,7,0,69,69,69,,,1453135434.35,None,0,,2001,2016_Jan_18_1130,PartialTrial,1,59.9631726425,
5,3,2,5,6.052,2,7,9,4.052,DYKFTL,2,nhqjmr,13.052,7,0,70,70,70,,,1453135445.81,['8'],0,[0.799583911895752],2001,2016_Jan_18_1130,PartialTrial,1,59.9631726425,
0,3,2,4,6.465,2,2,4,4.465,BYFQKT,2,hrxljn,8.465,7,0,71,71,71,,,1453135458.86,['7'],0,[0.9672708511352539],2001,2016_Jan_18_1130,PartialTrial,1,59.9631726425,
,,,,,,,,,,,,,,,,,,,,1453135467.33,,,,2001,2016_Jan_18_1130,PartialTrial,1,59.9631726425,
,,,,,,,,,,,,,,,,,,,,1453135477.33,,,,2001,2016_Jan_18_1130,PartialTrial,1,59.9631726425,
,,,,,,,,,,,,,,,,,,,,1453135477.33,,,,2001,2016_Jan_18_1130,PartialTrial,1,59.9631726425,
