RetDur,BotBrack,StimDur,UpBrack,ProbeDurITI,ProbeDur,ProbeStart,TrialDur,ITI,StimSet,RetStart,ProbeLet,TrialITIDur,Correct,trials.thisRepN,trials.thisTrialN,trials.thisN,trials.thisIndex,ScannerTrigger.keys,ScannerTrigger.rt,TrialStartTime,KeyboardResp.keys,KeyboardResp.corr,KeyboardResp.rt,Participant ID,date,expName,Visit ID,frameRate,
,,,,,,,,,,,,,,0,-1,-1,0,equal,6.01895689964,,,,,2002,2016_Jan_25_1458,PartialTrial,1,59.9858126816,
,,,,,,,,,,,,,,0,-1,-1,0,,,1453751946.34,,,,2002,2016_Jan_25_1458,PartialTrial,1,59.9858126816,
5,4,2,345,6.007,2,7,9,4.007,LXDRFJ,2,gynqbh,13.007,7,0,0,0,0,,,1453751956.34,['8'],0,[1.0179669857025146],2002,2016_Jan_25_1458,PartialTrial,1,59.9858126816,
0,0,2,345,4.002,0,2,2,4.002,YXDMLR,2, ,6.002,6,0,1,1,1,,,1453751969.35,None,0,,2002,2016_Jan_25_1458,PartialTrial,1,59.9858126816,
0,0,2,56,4.089,0,2,2,4.089,GKQNHJ,2, ,6.089,6,0,2,2,2,,,1453751975.35,None,0,,2002,2016_Jan_25_1458,PartialTrial,1,59.9858126816,
5,4,2,234,6.967,2,7,9,4.967,JDMHWQ,2,xrtdgl,13.967,6,0,3,3,3,,,1453751981.43,['7'],0,[0.7181549072265625],2002,2016_Jan_25_1458,PartialTrial,1,59.9858126816,
5,0,2,345,4.075,0,7,7,4.075,TJFXRG,2, ,11.075,6,0,4,4,4,,,1453751995.4,None,0,,2002,2016_Jan_25_1458,PartialTrial,1,59.9858126816,
5,2,2,123456,6.08,2,7,9,4.08,WKXGRJ,2,nrbfth,13.08,6,0,5,5,5,,,1453752006.48,['7'],0,[0.8170502185821533],2002,2016_Jan_25_1458,PartialTrial,1,59.9858126816,
5,5,2,23456,6.057,2,7,9,4.057,RYXTHJ,2,mwnbyd,13.057,6,0,6,6,6,,,1453752019.55,['7'],0,[0.7344579696655273],2002,2016_Jan_25_1458,PartialTrial,1,59.9858126816,
5,0,2,12345,4.022,0,7,7,4.022,DHTFLB,2, ,11.022,7,0,7,7,7,,,1453752032.6,None,0,,2002,2016_Jan_25_1458,PartialTrial,1,59.9858126816,
5,2,2,23,6.486,2,7,9,4.486,NFJTWY,2,xmrbhg,13.486,7,0,8,8,8,,,1453752043.62,['8'],0,[0.76749587059021],2002,2016_Jan_25_1458,PartialTrial,1,59.9858126816,
5,0,2,4,4.696,0,7,7,4.696,YNXJRW,2, ,11.696,7,0,9,9,9,,,1453752057.11,None,0,,2002,2016_Jan_25_1458,PartialTrial,1,59.9858126816,
0,0,2,234,4.004,0,2,2,4.004,NQYXLJ,2, ,6.004,7,0,10,10,10,,,1453752068.8,None,0,,2002,2016_Jan_25_1458,PartialTrial,1,59.9858126816,
0,6,2,123,6.103,2,2,4,4.103,MHFLXR,2,jkdtnf,8.103,6,0,11,11,11,,,1453752074.8,['7'],0,[1.1848759651184082],2002,2016_Jan_25_1458,PartialTrial,1,59.9858126816,
0,2,2,123456,6.65,2,2,4,4.65,HGDJQF,2,bqlxwr,8.65,6,0,12,12,12,,,1453752082.9,['7'],0,[1.2350101470947266],2002,2016_Jan_25_1458,PartialTrial,1,59.9858126816,
5,4,2,12,6.499,2,7,9,4.499,BKGRHD,2,njqxfy,13.499,7,0,13,13,13,,,1453752091.56,['8'],0,[0.833745002746582],2002,2016_Jan_25_1458,PartialTrial,1,59.9858126816,
5,5,2,2345,6.314,2,7,9,4.314,XKGNRJ,2,lytmqh,13.314,7,0,14,14,14,,,1453752105.06,['8'],0,[0.9679028987884521],2002,2016_Jan_25_1458,PartialTrial,1,59.9858126816,
0,2,2,1,6.166,2,2,4,4.166,LNRXJH,2,kgdyfm,8.166,7,0,15,15,15,,,1453752118.37,['8'],0,[0.7674410343170166],2002,2016_Jan_25_1458,PartialTrial,1,59.9858126816,
0,5,2,23456,7.118,2,2,4,5.118,MDJHWK,2,btfgkr,9.118,6,0,16,16,16,,,1453752126.54,['7'],0,[0.8336410522460938],2002,2016_Jan_25_1458,PartialTrial,1,59.9858126816,
5,2,2,4,6.051,2,7,9,4.051,MWLDYH,2,nkjfgr,13.051,7,0,17,17,17,,,1453752135.66,['8'],0,[0.7344791889190674],2002,2016_Jan_25_1458,PartialTrial,1,59.9858126816,
0,3,2,45,6.058,2,2,4,4.058,TXJGDQ,2,ryfbmw,8.058,7,0,18,18,18,,,1453752148.71,['8'],0,[0.7843348979949951],2002,2016_Jan_25_1458,PartialTrial,1,59.9858126816,
5,4,2,5,6.162,2,7,9,4.162,FQHLYT,2,xrjdkn,13.162,7,0,19,19,19,,,1453752156.76,['8'],0,[0.7010118961334229],2002,2016_Jan_25_1458,PartialTrial,1,59.9858126816,
0,3,2,123456,6.079,2,2,4,4.079,YRBWLK,2,mfnhdq,8.079,7,0,20,20,20,,,1453752169.92,['8'],0,[0.7849748134613037],2002,2016_Jan_25_1458,PartialTrial,1,59.9858126816,
5,0,2,2345,4.494,0,7,7,4.494,NWLGFK,2, ,11.494,7,0,21,21,21,,,1453752177.99,None,0,,2002,2016_Jan_25_1458,PartialTrial,1,59.9858126816,
0,4,2,12345,6.064,2,2,4,4.064,GYKWTB,2,ldxqnf,8.064,7,0,22,22,22,,,1453752189.48,['8'],0,[1.2182629108428955],2002,2016_Jan_25_1458,PartialTrial,1,59.9858126816,
5,1,2,12345,6.203,2,7,9,4.203,HWRQXK,2,fydbng,13.203,7,0,23,23,23,,,1453752197.55,['8'],0,[0.7512578964233398],2002,2016_Jan_25_1458,PartialTrial,1,59.9858126816,
0,0,2,2345,4.279,0,2,2,4.279,RTDFBG,2, ,6.279,6,0,24,24,24,,,1453752210.75,None,0,,2002,2016_Jan_25_1458,PartialTrial,1,59.9858126816,
0,0,2,12345,4.032,0,2,2,4.032,QJXNDK,2, ,6.032,6,0,25,25,25,,,1453752217.02,None,0,,2002,2016_Jan_25_1458,PartialTrial,1,59.9858126816,
0,0,2,4,4.245,0,2,2,4.245,RDXLBF,2, ,6.245,6,0,26,26,26,,,1453752223.05,None,0,,2002,2016_Jan_25_1458,PartialTrial,1,59.9858126816,
5,6,2,123456,6.004,2,7,9,4.004,YDFHTM,2,wrqxbg,13.004,7,0,27,27,27,,,1453752229.29,['8'],0,[0.9180200099945068],2002,2016_Jan_25_1458,PartialTrial,1,59.9858126816,
0,4,2,2345,6.09,2,2,4,4.09,DMYNBQ,2,jfrhtl,8.09,7,0,28,28,28,,,1453752242.29,['8'],0,[0.817753791809082],2002,2016_Jan_25_1458,PartialTrial,1,59.9858126816,
5,6,2,12,6.017,2,7,9,4.017,FTHKMG,2,jqwxrb,13.017,7,0,29,29,29,,,1453752250.38,['8'],0,[0.8012411594390869],2002,2016_Jan_25_1458,PartialTrial,1,59.9858126816,
5,5,2,4,6.353,2,7,9,4.353,NJRKLB,2,hdgqkm,13.353,6,0,30,30,30,,,1453752263.4,['7'],0,[0.6179618835449219],2002,2016_Jan_25_1458,PartialTrial,1,59.9858126816,
5,5,2,45,6.004,2,7,9,4.004,FKMLQB,2,jdwnqr,13.004,6,0,31,31,31,,,1453752276.76,['7'],0,[0.8845460414886475],2002,2016_Jan_25_1458,PartialTrial,1,59.9858126816,
5,3,2,123456,6.166,2,7,9,4.166,NTWHYG,2,qdrbjk,13.166,7,0,32,32,32,,,1453752289.76,['8'],0,[0.8337259292602539],2002,2016_Jan_25_1458,PartialTrial,1,59.9858126816,
0,5,2,2345,6.294,2,2,4,4.294,BQDTJX,2,mrkhdw,8.294,6,0,33,33,33,,,1453752302.93,['7'],0,[0.9512491226196289],2002,2016_Jan_25_1458,PartialTrial,1,59.9858126816,
5,0,2,123,4.361,0,7,7,4.361,HNLYGQ,2, ,11.361,7,0,34,34,34,,,1453752311.22,None,0,,2002,2016_Jan_25_1458,PartialTrial,1,59.9858126816,
5,0,2,34,4.247,0,7,7,4.247,GTQJKD,2, ,11.247,6,0,35,35,35,,,1453752322.57,None,0,,2002,2016_Jan_25_1458,PartialTrial,1,59.9858126816,
5,0,2,123456,4.428,0,7,7,4.428,DHLTQN,2, ,11.428,7,0,36,36,36,,,1453752333.81,None,0,,2002,2016_Jan_25_1458,PartialTrial,1,59.9858126816,
5,5,2,3456,6.748,2,7,9,4.748,MDHTBK,2,lnrjbq,13.748,6,0,37,37,37,,,1453752345.23,['7'],0,[0.8340651988983154],2002,2016_Jan_25_1458,PartialTrial,1,59.9858126816,
0,0,2,2345,4.863,0,2,2,4.863,KJQWFN,2, ,6.863,7,0,38,38,38,,,1453752358.97,None,0,,2002,2016_Jan_25_1458,PartialTrial,1,59.9858126816,
0,3,2,345,6.7,2,2,4,4.7,GDHQYL,2,xfkbmr,8.7,7,0,39,39,39,,,1453752365.82,['8'],0,[1.1505091190338135],2002,2016_Jan_25_1458,PartialTrial,1,59.9858126816,
5,0,2,23456,4.116,0,7,7,4.116,DKWJGL,2, ,11.116,6,0,40,40,40,,,1453752374.53,None,0,,2002,2016_Jan_25_1458,PartialTrial,1,59.9858126816,
5,0,2,123456,4.743,0,7,7,4.743,RWYKXJ,2, ,11.743,6,0,41,41,41,,,1453752385.65,None,0,,2002,2016_Jan_25_1458,PartialTrial,1,59.9858126816,
5,2,2,4,6.011,2,7,9,4.011,QBXNRY,2,lnkmdt,13.011,6,0,42,42,42,,,1453752397.38,"['8', '7']",0,"[0.7340891361236572, 1.4516170024871826]",2002,2016_Jan_25_1458,PartialTrial,1,59.9858126816,
0,4,2,56,6.205,2,2,4,4.205,BHNXFR,2,qlkrtg,8.205,6,0,43,43,43,,,1453752410.39,['7'],0,[1.1341359615325928],2002,2016_Jan_25_1458,PartialTrial,1,59.9858126816,
0,0,2,12,4.025,0,2,2,4.025,HLRYMN,2, ,6.025,7,0,44,44,44,,,1453752418.59,None,0,,2002,2016_Jan_25_1458,PartialTrial,1,59.9858126816,
5,6,2,1234,6.1,2,7,9,4.1,MKWYLR,2,ghnjqx,13.1,7,0,45,45,45,,,1453752424.61,['8'],0,[0.984368085861206],2002,2016_Jan_25_1458,PartialTrial,1,59.9858126816,
5,0,2,1,4.729,0,7,7,4.729,RBXYTL,2, ,11.729,6,0,46,46,46,,,1453752437.71,None,0,,2002,2016_Jan_25_1458,PartialTrial,1,59.9858126816,
0,0,2,123456,4.077,0,2,2,4.077,QBMKWD,2, ,6.077,6,0,47,47,47,,,1453752449.44,None,0,,2002,2016_Jan_25_1458,PartialTrial,1,59.9858126816,
0,0,2,123456,4.449,0,2,2,4.449,MYQJWH,2, ,6.449,7,0,48,48,48,,,1453752455.5,None,0,,2002,2016_Jan_25_1458,PartialTrial,1,59.9858126816,
0,4,2,3,6.92,2,2,4,4.92,JKDHQN,2,gbxdtm,8.92,6,0,49,49,49,,,1453752461.96,['7'],0,[0.8011560440063477],2002,2016_Jan_25_1458,PartialTrial,1,59.9858126816,
5,3,2,2345,6.053,2,7,9,4.053,DTQJWX,2,fhqlrm,13.053,6,0,50,50,50,,,1453752470.88,['8'],0,[1.0846819877624512],2002,2016_Jan_25_1458,PartialTrial,1,59.9858126816,
5,4,2,123456,6.365,2,7,9,4.365,NQWRGT,2,lmjhky,13.365,7,0,51,51,51,,,1453752483.93,['8'],0,[0.9509508609771729],2002,2016_Jan_25_1458,PartialTrial,1,59.9858126816,
5,0,2,56,4.122,0,7,7,4.122,KLMWHB,2, ,11.122,7,0,52,52,52,,,1453752497.29,None,0,,2002,2016_Jan_25_1458,PartialTrial,1,59.9858126816,
5,1,2,23456,6.049,2,7,9,4.049,RBXYLJ,2,bqhgkm,13.049,6,0,53,53,53,,,1453752508.41,['7'],0,[0.884984016418457],2002,2016_Jan_25_1458,PartialTrial,1,59.9858126816,
5,1,2,12,6.186,2,7,9,4.186,JXBMFD,2,jtngqh,13.186,6,0,54,54,54,,,1453752521.46,['7'],0,[0.8513870239257812],2002,2016_Jan_25_1458,PartialTrial,1,59.9858126816,
0,0,2,4,4.294,0,2,2,4.294,WGHTRM,2, ,6.294,7,0,55,55,55,,,1453752534.65,None,0,,2002,2016_Jan_25_1458,PartialTrial,1,59.9858126816,
0,0,2,12345,4.021,0,2,2,4.021,FMGYRL,2, ,6.021,7,0,56,56,56,,,1453752540.93,None,0,,2002,2016_Jan_25_1458,PartialTrial,1,59.9858126816,
5,3,2,1234,7.022,2,7,9,5.022,NBRLGF,2,yqrtdk,14.022,6,0,57,57,57,,,1453752546.95,['7'],0,[0.8171908855438232],2002,2016_Jan_25_1458,PartialTrial,1,59.9858126816,
5,1,2,456,6.463,2,7,9,4.463,RLDNYJ,2,mqfkxh,13.463,7,0,58,58,58,,,1453752560.97,['8'],0,[0.7176780700683594],2002,2016_Jan_25_1458,PartialTrial,1,59.9858126816,
5,3,2,345,6.833,2,7,9,4.833,JGTWRX,2,kdwbnq,13.833,6,0,59,59,59,,,1453752574.43,['7'],0,[0.8675978183746338],2002,2016_Jan_25_1458,PartialTrial,1,59.9858126816,
5,0,2,1234,4.269,0,7,7,4.269,JGQFDT,2, ,11.269,6,0,60,60,60,,,1453752588.27,None,0,,2002,2016_Jan_25_1458,PartialTrial,1,59.9858126816,
5,1,2,123456,6.097,2,7,9,4.097,RFTXJW,2,jbkygd,13.097,6,0,61,61,61,,,1453752599.54,['7'],0,[0.8350920677185059],2002,2016_Jan_25_1458,PartialTrial,1,59.9858126816,
5,2,2,123456,6.421,2,7,9,4.421,MHFQNW,2,bhxygr,13.421,6,0,62,62,62,,,1453752612.63,['8'],0,[1.0846738815307617],2002,2016_Jan_25_1458,PartialTrial,1,59.9858126816,
5,1,2,234,6.013,2,7,9,4.013,RJQXFY,2,qhnmbw,13.013,6,0,63,63,63,,,1453752626.05,['8'],0,[1.568195104598999],2002,2016_Jan_25_1458,PartialTrial,1,59.9858126816,
5,5,2,234,6.751,2,7,9,4.751,GBTKQH,2,dfljwy,13.751,7,0,64,64,64,,,1453752639.05,['8'],0,[1.2012238502502441],2002,2016_Jan_25_1458,PartialTrial,1,59.9858126816,
5,2,2,34,6.184,2,7,9,4.184,BLDJFM,2,yjhtwq,13.184,6,0,65,65,65,,,1453752652.81,['7'],0,[0.8678538799285889],2002,2016_Jan_25_1458,PartialTrial,1,59.9858126816,
5,4,2,12345,6.372,2,7,9,4.372,JRGXFB,2,htlkqm,13.372,7,0,66,66,66,,,1453752666.0,['8'],0,[1.1003570556640625],2002,2016_Jan_25_1458,PartialTrial,1,59.9858126816,
5,5,2,23456,7.413,2,7,9,5.413,XBRTGY,2,fkwnjd,14.413,7,0,67,67,67,,,1453752679.37,['8'],0,[1.0009379386901855],2002,2016_Jan_25_1458,PartialTrial,1,59.9858126816,
5,6,2,1234,6.245,2,7,9,4.245,BRFTXJ,2,nhgklm,13.245,7,0,68,68,68,,,1453752693.77,['8'],0,[0.750978946685791],2002,2016_Jan_25_1458,PartialTrial,1,59.9858126816,
5,1,2,23456,6.004,2,7,9,4.004,BLNYMG,2,gqdthf,13.004,6,0,69,69,69,,,1453752707.01,['7'],0,[1.2178151607513428],2002,2016_Jan_25_1458,PartialTrial,1,59.9858126816,
5,6,2,2,6.136,2,7,9,4.136,TMLNFQ,2,dwrkxm,13.136,6,0,70,70,70,,,1453752720.02,['7'],0,[0.6512138843536377],2002,2016_Jan_25_1458,PartialTrial,1,59.9858126816,
5,3,2,5,6.03,2,7,9,4.03,XLMQBK,2,fhgynw,13.03,7,0,71,71,71,,,1453752733.15,['8'],0,[0.8512880802154541],2002,2016_Jan_25_1458,PartialTrial,1,59.9858126816,
,,,,,,,,,,,,,,,,,,,,1453752746.17,,,,2002,2016_Jan_25_1458,PartialTrial,1,59.9858126816,
,,,,,,,,,,,,,,,,,,,,1453752756.18,,,,2002,2016_Jan_25_1458,PartialTrial,1,59.9858126816,
,,,,,,,,,,,,,,,,,,,,1453752756.18,,,,2002,2016_Jan_25_1458,PartialTrial,1,59.9858126816,
