RetDur,BotBrack,StimDur,UpBrack,ProbeDurITI,ProbeDur,ProbeStart,TrialDur,ITI,StimSet,RetStart,ProbeLet,TrialITIDur,Correct,trials.thisRepN,trials.thisTrialN,trials.thisN,trials.thisIndex,ScannerTrigger.keys,ScannerTrigger.rt,TrialStartTime,KeyboardResp.keys,KeyboardResp.corr,KeyboardResp.rt,Participant ID,date,expName,Visit ID,frameRate,
,,,,,,,,,,,,,,0,-1,-1,0,equal,7.72541499138,,,,,2004,2016_Feb_05_1335,PartialTrial,1,59.6349366585,
,,,,,,,,,,,,,,0,-1,-1,0,,,1454697330.42,,,,2004,2016_Feb_05_1335,PartialTrial,1,59.6349366585,
5,0,2,23,4.024,0,7,7,4.024,QGHFKR,2, ,11.024,7,0,0,0,0,,,1454697340.42,None,0,,2004,2016_Feb_05_1335,PartialTrial,1,59.6349366585,
5,0,2,23456,4.13,0,7,7,4.13,XDJLTM,2, ,11.13,7,0,1,1,1,,,1454697351.44,None,0,,2004,2016_Feb_05_1335,PartialTrial,1,59.6349366585,
5,4,2,2345,6.287,2,7,9,4.287,XYNBRF,2,gkqdtj,13.287,7,0,2,2,2,,,1454697362.56,['8'],0,[1.7348999977111816],2004,2016_Feb_05_1335,PartialTrial,1,59.6349366585,
5,1,2,123456,6.209,2,7,9,4.209,FKMTQG,2,yhdlwb,13.209,7,0,3,3,3,,,1454697375.85,['8'],0,[1.2512640953063965],2004,2016_Feb_05_1335,PartialTrial,1,59.6349366585,
5,5,2,2,6.569,2,7,9,4.569,TNJDWB,2,qxhyfl,13.569,7,0,4,4,4,,,1454697389.07,['8'],0,[0.8342800140380859],2004,2016_Feb_05_1335,PartialTrial,1,59.6349366585,
0,3,2,2345,6.67,2,2,4,4.67,LRHKMY,2,qgrnfw,8.67,6,0,5,5,5,,,1454697402.64,['7'],0,[0.9179320335388184],2004,2016_Feb_05_1335,PartialTrial,1,59.6349366585,
5,1,2,6,6.565,2,7,9,4.565,WRBDHN,2,myqxgl,13.565,7,0,6,6,6,,,1454697411.31,['8'],0,[0.7842371463775635],2004,2016_Feb_05_1335,PartialTrial,1,59.6349366585,
5,6,2,345,6.112,2,7,9,4.112,XLTFHQ,2,rgjdbh,13.112,6,0,7,7,7,,,1454697424.86,['7'],0,[1.066953182220459],2004,2016_Feb_05_1335,PartialTrial,1,59.6349366585,
5,5,2,6,6.05,2,7,9,4.05,WBFJTY,2,rmhqyd,13.05,6,0,8,8,8,,,1454697437.97,['7'],0,[0.6512150764465332],2004,2016_Feb_05_1335,PartialTrial,1,59.6349366585,
0,0,2,123456,4.104,0,2,2,4.104,JGMQFB,2, ,6.104,6,0,9,9,9,,,1454697451.01,None,0,,2004,2016_Feb_05_1335,PartialTrial,1,59.6349366585,
0,3,2,1234,6.125,2,2,4,4.125,KTMWNL,2,drbgfq,8.125,7,0,10,10,10,,,1454697457.11,None,0,,2004,2016_Feb_05_1335,PartialTrial,1,59.6349366585,
5,6,2,23456,6.025,2,7,9,4.025,KLQMGW,2,ydjrtb,13.025,7,0,11,11,11,,,1454697465.23,['8'],0,[1.8011159896850586],2004,2016_Feb_05_1335,PartialTrial,1,59.6349366585,
0,0,2,34,4.4,0,2,2,4.4,KMNFBQ,2, ,6.4,6,0,12,12,12,,,1454697478.26,None,0,,2004,2016_Feb_05_1335,PartialTrial,1,59.6349366585,
5,2,2,2345,6.038,2,7,9,4.038,GJBMRN,2,hjxlqk,13.038,6,0,13,13,13,,,1454697484.65,['7'],0,[0.9012091159820557],2004,2016_Feb_05_1335,PartialTrial,1,59.6349366585,
5,0,2,12345,4.02,0,7,7,4.02,YRMBKD,2, ,11.02,6,0,14,14,14,,,1454697497.69,None,0,,2004,2016_Feb_05_1335,PartialTrial,1,59.6349366585,
0,1,2,12345,7.137,2,2,4,5.137,WHQBYD,2,gntfrx,9.137,7,0,15,15,15,,,1454697508.71,['8'],0,[1.2670879364013672],2004,2016_Feb_05_1335,PartialTrial,1,59.6349366585,
5,6,2,45,6.116,2,7,9,4.116,XYDNTF,2,kgmjwn,13.116,6,0,16,16,16,,,1454697517.85,['7'],0,[0.868290901184082],2004,2016_Feb_05_1335,PartialTrial,1,59.6349366585,
5,4,2,345,7.139,2,7,9,5.139,LMBRKW,2,fnxgtj,14.139,7,0,17,17,17,,,1454697530.97,['8'],0,[0.9507889747619629],2004,2016_Feb_05_1335,PartialTrial,1,59.6349366585,
5,6,2,12345,6.618,2,7,9,4.618,MFXWDL,2,jhrbkd,13.618,6,0,18,18,18,,,1454697545.11,['7'],0,[1.3509769439697266],2004,2016_Feb_05_1335,PartialTrial,1,59.6349366585,
5,6,2,123456,6.001,2,7,9,4.001,JRHKTN,2,mlyxbd,13.001,7,0,19,19,19,,,1454697558.72,['8'],0,[1.3346450328826904],2004,2016_Feb_05_1335,PartialTrial,1,59.6349366585,
0,1,2,123,6.0,2,2,4,4.0,GJDXLW,2,jqmrhf,8.0,6,0,20,20,20,,,1454697571.71,['7'],0,[1.0842838287353516],2004,2016_Feb_05_1335,PartialTrial,1,59.6349366585,
5,4,2,234,6.12,2,7,9,4.12,XWMYTB,2,hdnmfk,13.12,6,0,21,21,21,,,1454697579.71,['7'],0,[0.8674981594085693],2004,2016_Feb_05_1335,PartialTrial,1,59.6349366585,
5,3,2,2345,6.417,2,7,9,4.417,JKFLDH,2,ynqxrg,13.417,7,0,22,22,22,,,1454697592.82,['8'],0,[0.9010989665985107],2004,2016_Feb_05_1335,PartialTrial,1,59.6349366585,
0,5,2,123456,7.972,2,2,4,5.972,NHWFQR,2,xbktqj,9.972,6,0,23,23,23,,,1454697606.25,['7'],0,[1.234281063079834],2004,2016_Feb_05_1335,PartialTrial,1,59.6349366585,
5,0,2,123,4.024,0,7,7,4.024,QWYKRB,2, ,11.024,7,0,24,24,24,,,1454697616.22,None,0,,2004,2016_Feb_05_1335,PartialTrial,1,59.6349366585,
0,0,2,2345,4.002,0,2,2,4.002,HXTQMD,2, ,6.002,7,0,25,25,25,,,1454697627.24,None,0,,2004,2016_Feb_05_1335,PartialTrial,1,59.6349366585,
5,5,2,123,6.021,2,7,9,4.021,GRKBTJ,2,nymxql,13.021,7,0,26,26,26,,,1454697633.24,['8'],0,[1.467972993850708],2004,2016_Feb_05_1335,PartialTrial,1,59.6349366585,
5,0,2,3456,4.386,0,7,7,4.386,XTRNKH,2, ,11.386,7,0,27,27,27,,,1454697646.26,None,0,,2004,2016_Feb_05_1335,PartialTrial,1,59.6349366585,
0,0,2,6,4.038,0,2,2,4.038,WLRJNG,2, ,6.038,6,0,28,28,28,,,1454697657.65,None,0,,2004,2016_Feb_05_1335,PartialTrial,1,59.6349366585,
5,4,2,3456,6.415,2,7,9,4.415,XTNJWF,2,ygbqdh,13.415,7,0,29,29,29,,,1454697663.69,['8'],0,[1.1676580905914307],2004,2016_Feb_05_1335,PartialTrial,1,59.6349366585,
5,3,2,12,6.128,2,7,9,4.128,KXBLTD,2,mnygrf,13.128,7,0,30,30,30,,,1454697677.09,['8'],0,[0.8675649166107178],2004,2016_Feb_05_1335,PartialTrial,1,59.6349366585,
5,0,2,345,4.015,0,7,7,4.015,QRFJDH,2, ,11.015,6,0,31,31,31,,,1454697690.23,None,0,,2004,2016_Feb_05_1335,PartialTrial,1,59.6349366585,
5,3,2,123456,6.164,2,7,9,4.164,MXRTLF,2,bylqkd,13.164,6,0,32,32,32,,,1454697701.25,['7'],0,[1.0344319343566895],2004,2016_Feb_05_1335,PartialTrial,1,59.6349366585,
0,0,2,123456,4.517,0,2,2,4.517,FJKMBQ,2, ,6.517,7,0,33,33,33,,,1454697714.4,None,0,,2004,2016_Feb_05_1335,PartialTrial,1,59.6349366585,
5,6,2,123456,6.074,2,7,9,4.074,YMQHXG,2,twrkjy,13.074,6,0,34,34,34,,,1454697720.92,['8'],0,[1.067469835281372],2004,2016_Feb_05_1335,PartialTrial,1,59.6349366585,
5,1,2,3456,7.255,2,7,9,5.255,JFRBMN,2,nhgxqt,14.255,6,0,35,35,35,,,1454697733.99,['7'],0,[1.0677618980407715],2004,2016_Feb_05_1335,PartialTrial,1,59.6349366585,
5,2,2,12345,6.516,2,7,9,4.516,GMBFLX,2,hqydrt,13.516,7,0,36,36,36,,,1454697748.25,['8'],0,[1.2516019344329834],2004,2016_Feb_05_1335,PartialTrial,1,59.6349366585,
0,0,2,12345,4.301,0,2,2,4.301,MGJHDF,2, ,6.301,6,0,37,37,37,,,1454697761.75,None,0,,2004,2016_Feb_05_1335,PartialTrial,1,59.6349366585,
0,6,2,456,6.025,2,2,4,4.025,WMJNLK,2,tdyxhb,8.025,7,0,38,38,38,,,1454697768.06,['8'],0,[1.2846550941467285],2004,2016_Feb_05_1335,PartialTrial,1,59.6349366585,
5,1,2,1234,6.312,2,7,9,4.312,QGMLKT,2,qhyndw,13.312,6,0,39,39,39,,,1454697776.08,['7'],0,[1.201676845550537],2004,2016_Feb_05_1335,PartialTrial,1,59.6349366585,
5,3,2,23,6.003,2,7,9,4.003,NHQMRX,2,ljhtbw,13.003,6,0,40,40,40,,,1454697789.39,['7'],0,[0.867114782333374],2004,2016_Feb_05_1335,PartialTrial,1,59.6349366585,
0,6,2,4,6.6,2,2,4,4.6,NTKWBY,2,dxmrgw,8.6,6,0,41,41,41,,,1454697802.38,['7'],0,[1.1675479412078857],2004,2016_Feb_05_1335,PartialTrial,1,59.6349366585,
0,0,2,45,4.039,0,2,2,4.039,YLTXNK,2, ,6.039,7,0,42,42,42,,,1454697810.99,None,0,,2004,2016_Feb_05_1335,PartialTrial,1,59.6349366585,
5,2,2,456,6.147,2,7,9,4.147,XYDNTF,2,btmrgk,13.147,6,0,43,43,43,,,1454697817.02,['7'],0,[0.8676509857177734],2004,2016_Feb_05_1335,PartialTrial,1,59.6349366585,
5,1,2,5,6.173,2,7,9,4.173,DHWBGK,2,grxjnq,13.173,6,0,44,44,44,,,1454697830.16,['7'],0,[0.7837870121002197],2004,2016_Feb_05_1335,PartialTrial,1,59.6349366585,
0,2,2,23,6.096,2,2,4,4.096,BMLJWY,2,ktnxfh,8.096,7,0,45,45,45,,,1454697843.33,['8'],0,[0.9677009582519531],2004,2016_Feb_05_1335,PartialTrial,1,59.6349366585,
0,2,2,123456,6.202,2,2,4,4.202,KHGWLF,2,dqyxtn,8.202,7,0,46,46,46,,,1454697851.42,['8'],0,[1.3175170421600342],2004,2016_Feb_05_1335,PartialTrial,1,59.6349366585,
5,1,2,12345,7.671,2,7,9,5.671,KYTQLJ,2,qxgwrd,14.671,6,0,47,47,47,,,1454697859.62,['7'],0,[1.4180400371551514],2004,2016_Feb_05_1335,PartialTrial,1,59.6349366585,
0,0,2,1,4.189,0,2,2,4.189,XYLWHD,2, ,6.189,7,0,48,48,48,,,1454697874.3,None,0,,2004,2016_Feb_05_1335,PartialTrial,1,59.6349366585,
5,0,2,3456,4.363,0,7,7,4.363,LNFKGJ,2, ,11.363,6,0,49,49,49,,,1454697880.48,None,0,,2004,2016_Feb_05_1335,PartialTrial,1,59.6349366585,
5,1,2,23456,6.052,2,7,9,4.052,GYHWQK,2,djxnrf,13.052,7,0,50,50,50,,,1454697891.84,['8'],0,[1.2924909591674805],2004,2016_Feb_05_1335,PartialTrial,1,59.6349366585,
0,6,2,45,6.121,2,2,4,4.121,RYNLWB,2,jmtghl,8.121,6,0,51,51,51,,,1454697904.89,['7'],0,[0.8177101612091064],2004,2016_Feb_05_1335,PartialTrial,1,59.6349366585,
0,0,2,23456,4.103,0,2,2,4.103,TYBDRX,2, ,6.103,7,0,52,52,52,,,1454697913.01,None,0,,2004,2016_Feb_05_1335,PartialTrial,1,59.6349366585,
0,0,2,234,4.045,0,2,2,4.045,XDYGRT,2, ,6.045,7,0,53,53,53,,,1454697919.11,None,0,,2004,2016_Feb_05_1335,PartialTrial,1,59.6349366585,
0,0,2,123,4.01,0,2,2,4.01,HYDTGR,2, ,6.01,6,0,54,54,54,,,1454697925.14,None,0,,2004,2016_Feb_05_1335,PartialTrial,1,59.6349366585,
5,3,2,123456,6.011,2,7,9,4.011,WNDHRY,2,txbkml,13.011,7,0,55,55,55,,,1454697931.15,['8'],0,[1.5174298286437988],2004,2016_Feb_05_1335,PartialTrial,1,59.6349366585,
5,6,2,23,6.146,2,7,9,4.146,NJWFRG,2,lkqmdj,13.146,6,0,56,56,56,,,1454697944.15,['7'],0,[0.9010519981384277],2004,2016_Feb_05_1335,PartialTrial,1,59.6349366585,
5,4,2,23,6.185,2,7,9,4.185,BTXWRQ,2,mykndj,13.185,7,0,57,57,57,,,1454697957.29,['8'],0,[1.1352880001068115],2004,2016_Feb_05_1335,PartialTrial,1,59.6349366585,
5,0,2,1,4.045,0,7,7,4.045,MYXJNT,2, ,11.045,6,0,58,58,58,,,1454697970.48,None,0,,2004,2016_Feb_05_1335,PartialTrial,1,59.6349366585,
0,0,2,3456,4.043,0,2,2,4.043,HBYLMQ,2, ,6.043,6,0,59,59,59,,,1454697981.52,None,0,,2004,2016_Feb_05_1335,PartialTrial,1,59.6349366585,
0,2,2,12345,6.427,2,2,4,4.427,GLMNYH,2,knqwxb,8.427,6,0,60,60,60,,,1454697987.56,['7'],0,[1.3177199363708496],2004,2016_Feb_05_1335,PartialTrial,1,59.6349366585,
5,2,2,234,6.278,2,7,9,4.278,WHXFRB,2,jdglqm,13.278,7,0,61,61,61,,,1454697995.98,['8'],0,[1.0096759796142578],2004,2016_Feb_05_1335,PartialTrial,1,59.6349366585,
5,3,2,123456,6.002,2,7,9,4.002,JRWBTF,2,lgbnqh,13.002,6,0,62,62,62,,,1454698009.26,['7'],0,[0.8510048389434814],2004,2016_Feb_05_1335,PartialTrial,1,59.6349366585,
5,0,2,123456,4.067,0,7,7,4.067,BDLTMY,2, ,11.067,6,0,63,63,63,,,1454698022.26,None,0,,2004,2016_Feb_05_1335,PartialTrial,1,59.6349366585,
5,4,2,45,6.374,2,7,9,4.374,QMGDKH,2,tlxrjy,13.374,7,0,64,64,64,,,1454698033.33,['8'],0,[0.8513238430023193],2004,2016_Feb_05_1335,PartialTrial,1,59.6349366585,
5,2,2,23456,6.155,2,7,9,4.155,YWDLHX,2,tlfbjr,13.155,6,0,65,65,65,,,1454698046.71,['7'],0,[0.801426887512207],2004,2016_Feb_05_1335,PartialTrial,1,59.6349366585,
5,0,2,23,4.053,0,7,7,4.053,HGFJRD,2, ,11.053,6,0,66,66,66,,,1454698059.86,None,0,,2004,2016_Feb_05_1335,PartialTrial,1,59.6349366585,
5,1,2,5,6.055,2,7,9,4.055,TNJHXF,2,xgqrdk,13.055,6,0,67,67,67,,,1454698070.92,['7'],0,[0.8178668022155762],2004,2016_Feb_05_1335,PartialTrial,1,59.6349366585,
5,0,2,4,4.279,0,7,7,4.279,QWNGHM,2, ,11.279,7,0,68,68,68,,,1454698083.97,None,0,,2004,2016_Feb_05_1335,PartialTrial,1,59.6349366585,
5,0,2,123456,4.455,0,7,7,4.455,XLNJFR,2, ,11.455,7,0,69,69,69,,,1454698095.25,None,0,,2004,2016_Feb_05_1335,PartialTrial,1,59.6349366585,
5,3,2,5,6.052,2,7,9,4.052,DYKFTL,2,nhqjmr,13.052,7,0,70,70,70,,,1454698106.69,['8'],0,[0.8346078395843506],2004,2016_Feb_05_1335,PartialTrial,1,59.6349366585,
0,3,2,4,6.465,2,2,4,4.465,BYFQKT,2,hrxljn,8.465,7,0,71,71,71,,,1454698119.75,['8'],0,[0.9515380859375],2004,2016_Feb_05_1335,PartialTrial,1,59.6349366585,
,,,,,,,,,,,,,,,,,,,,1454698128.22,,,,2004,2016_Feb_05_1335,PartialTrial,1,59.6349366585,
,,,,,,,,,,,,,,,,,,,,1454698138.22,,,,2004,2016_Feb_05_1335,PartialTrial,1,59.6349366585,
,,,,,,,,,,,,,,,,,,,,1454698138.22,,,,2004,2016_Feb_05_1335,PartialTrial,1,59.6349366585,
