RetDur,BotBrack,StimDur,UpBrack,ProbeDurITI,ProbeDur,ProbeStart,TrialDur,ITI,StimSet,RetStart,ProbeLet,TrialITIDur,Correct,trials.thisRepN,trials.thisTrialN,trials.thisN,trials.thisIndex,ScannerTrigger.keys,ScannerTrigger.rt,TrialStartTime,KeyboardResp.keys,KeyboardResp.corr,KeyboardResp.rt,Participant ID,date,expName,Visit ID,frameRate,
,,,,,,,,,,,,,,0,-1,-1,0,equal,17.4344125476,,,,,62160810004,2016_Aug_10_1436,PartT,1,176.040528429,
,,,,,,,,,,,,,,0,-1,-1,0,,,1470854214.32,,,,62160810004,2016_Aug_10_1436,PartT,1,176.040528429,
4,4,2.5,345,6.507,2.5,6.5,9.0,4.007,LXDRFJ,2.5,gynqbh,13.007,7,0,0,0,0,,,1470854224.32,['3'],0,[1.24479454889115],62160810004,2016_Aug_10_1436,PartT,1,176.040528429,
0,0,2.5,345,3.502,0.0,2.5,2.5,3.502,YXDMLR,2.5, ,6.002,6,0,1,1,1,,,1470854237.33,None,0,,62160810004,2016_Aug_10_1436,PartT,1,176.040528429,
0,0,2.5,56,3.589,0.0,2.5,2.5,3.589,GKQNHJ,2.5, ,6.089,6,0,2,2,2,,,1470854243.34,None,0,,62160810004,2016_Aug_10_1436,PartT,1,176.040528429,
4,4,2.5,234,7.467,2.5,6.5,9.0,4.967,JDMHWQ,2.5,xrtdgl,13.967,6,0,3,3,3,,,1470854249.42,['2'],0,[0.6823114830276609],62160810004,2016_Aug_10_1436,PartT,1,176.040528429,
4,0,2.5,345,4.575,0.0,6.5,6.5,4.575,TJFXRG,2.5, ,11.075,6,0,4,4,4,,,1470854263.4,None,0,,62160810004,2016_Aug_10_1436,PartT,1,176.040528429,
4,2,2.5,123456,6.58,2.5,6.5,9.0,4.08,WKXGRJ,2.5,nrbfth,13.08,6,0,5,5,5,,,1470854274.48,['3'],0,[1.1778051552028046],62160810004,2016_Aug_10_1436,PartT,1,176.040528429,
4,5,2.5,23456,6.557,2.5,6.5,9.0,4.057,RYXTHJ,2.5,mwnbyd,13.057,6,0,6,6,6,,,1470854287.57,['2'],0,[0.7982345802884083],62160810004,2016_Aug_10_1436,PartT,1,176.040528429,
4,0,2.5,12345,4.522,0.0,6.5,6.5,4.522,DHTFLB,2.5, ,11.022,7,0,7,7,7,,,1470854300.62,None,0,,62160810004,2016_Aug_10_1436,PartT,1,176.040528429,
4,2,2.5,23,6.986,2.5,6.5,9.0,4.486,NFJTWY,2.5,xmrbhg,13.486,7,0,8,8,8,,,1470854311.65,['3'],0,[1.1890999167462724],62160810004,2016_Aug_10_1436,PartT,1,176.040528429,
4,0,2.5,4,5.196,0.0,6.5,6.5,5.196,YNXJRW,2.5, ,11.696,7,0,9,9,9,,,1470854325.14,None,0,,62160810004,2016_Aug_10_1436,PartT,1,176.040528429,
0,0,2.5,234,3.504,0.0,2.5,2.5,3.504,NQYXLJ,2.5, ,6.004,7,0,10,10,10,,,1470854336.85,None,0,,62160810004,2016_Aug_10_1436,PartT,1,176.040528429,
0,6,2.5,123,5.603,2.5,2.5,5.0,3.103,MHFLXR,2.5,jkdtnf,8.103,6,0,11,11,11,,,1470854342.85,['2'],0,[1.1761380150655896],62160810004,2016_Aug_10_1436,PartT,1,176.040528429,
0,2,2.5,123456,6.15,2.5,2.5,5.0,3.65,HGDJQF,2.5,bqlxwr,8.65,6,0,12,12,12,,,1470854350.95,['2'],0,[1.64388884966138],62160810004,2016_Aug_10_1436,PartT,1,176.040528429,
4,4,2.5,12,6.999,2.5,6.5,9.0,4.499,BKGRHD,2.5,njqxfy,13.499,7,0,13,13,13,,,1470854359.61,['3'],0,[0.8174003287476808],62160810004,2016_Aug_10_1436,PartT,1,176.040528429,
4,5,2.5,2345,6.814,2.5,6.5,9.0,4.314,XKGNRJ,2.5,lytmqh,13.314,7,0,14,14,14,,,1470854373.1,['3'],0,[1.4734078626952396],62160810004,2016_Aug_10_1436,PartT,1,176.040528429,
0,2,2.5,1,5.666,2.5,2.5,5.0,3.166,LNRXJH,2.5,kgdyfm,8.166,7,0,15,15,15,,,1470854386.42,['3'],0,[0.8893661008551135],62160810004,2016_Aug_10_1436,PartT,1,176.040528429,
0,5,2.5,23456,6.618,2.5,2.5,5.0,4.118,MDJHWK,2.5,btfgkr,9.118,6,0,16,16,16,,,1470854394.6,['2'],0,[0.9801909595935285],62160810004,2016_Aug_10_1436,PartT,1,176.040528429,
4,2,2.5,4,6.551,2.5,6.5,9.0,4.051,MWLDYH,2.5,nkjfgr,13.051,7,0,17,17,17,,,1470854403.71,['3'],0,[0.8763955781578261],62160810004,2016_Aug_10_1436,PartT,1,176.040528429,
0,3,2.5,45,5.558,2.5,2.5,5.0,3.058,TXJGDQ,2.5,ryfbmw,8.058,7,0,18,18,18,,,1470854416.76,['3'],0,[1.069177489462163],62160810004,2016_Aug_10_1436,PartT,1,176.040528429,
4,4,2.5,5,6.662,2.5,6.5,9.0,4.162,FQHLYT,2.5,xrjdkn,13.162,7,0,19,19,19,,,1470854424.83,['3'],0,[0.7169355328678648],62160810004,2016_Aug_10_1436,PartT,1,176.040528429,
0,3,2.5,123456,5.579,2.5,2.5,5.0,3.079,YRBWLK,2.5,mfnhdq,8.079,7,0,20,20,20,,,1470854438.0,['3'],0,[1.01900030707111],62160810004,2016_Aug_10_1436,PartT,1,176.040528429,
4,0,2.5,2345,4.994,0.0,6.5,6.5,4.994,NWLGFK,2.5, ,11.494,7,0,21,21,21,,,1470854446.08,None,0,,62160810004,2016_Aug_10_1436,PartT,1,176.040528429,
0,4,2.5,12345,5.564,2.5,2.5,5.0,3.064,GYKWTB,2.5,ldxqnf,8.064,7,0,22,22,22,,,1470854457.57,['3'],0,[1.9585723270338349],62160810004,2016_Aug_10_1436,PartT,1,176.040528429,
4,1,2.5,12345,6.703,2.5,6.5,9.0,4.203,HWRQXK,2.5,fydbng,13.203,7,0,23,23,23,,,1470854465.64,['3'],0,[0.8942722795763984],62160810004,2016_Aug_10_1436,PartT,1,176.040528429,
0,0,2.5,2345,3.779,0.0,2.5,2.5,3.779,RTDFBG,2.5, ,6.279,6,0,24,24,24,,,1470854478.84,None,0,,62160810004,2016_Aug_10_1436,PartT,1,176.040528429,
0,0,2.5,12345,3.532,0.0,2.5,2.5,3.532,QJXNDK,2.5, ,6.032,6,0,25,25,25,,,1470854485.12,None,0,,62160810004,2016_Aug_10_1436,PartT,1,176.040528429,
0,0,2.5,4,3.745,0.0,2.5,2.5,3.745,RDXLBF,2.5, ,6.245,6,0,26,26,26,,,1470854491.16,None,0,,62160810004,2016_Aug_10_1436,PartT,1,176.040528429,
4,6,2.5,123456,6.504,2.5,6.5,9.0,4.004,YDFHTM,2.5,wrqxbg,13.004,7,0,27,27,27,,,1470854497.4,['3'],0,[0.8182993774807983],62160810004,2016_Aug_10_1436,PartT,1,176.040528429,
0,4,2.5,2345,5.59,2.5,2.5,5.0,3.09,DMYNBQ,2.5,jfrhtl,8.09,7,0,28,28,28,,,1470854510.41,['3'],0,[0.9888238800485851],62160810004,2016_Aug_10_1436,PartT,1,176.040528429,
4,6,2.5,12,6.517,2.5,6.5,9.0,4.017,FTHKMG,2.5,jqwxrb,13.017,7,0,29,29,29,,,1470854518.51,['3'],0,[0.8136464923954918],62160810004,2016_Aug_10_1436,PartT,1,176.040528429,
4,5,2.5,4,6.853,2.5,6.5,9.0,4.353,NJRKLB,2.5,hdgqkm,13.353,6,0,30,30,30,,,1470854531.52,['2'],0,[0.7171153426152159],62160810004,2016_Aug_10_1436,PartT,1,176.040528429,
4,5,2.5,45,6.504,2.5,6.5,9.0,4.004,FKMLQB,2.5,jdwnqr,13.004,6,0,31,31,31,,,1470854544.87,['2'],0,[0.8324981895857491],62160810004,2016_Aug_10_1436,PartT,1,176.040528429,
4,3,2.5,123456,6.666,2.5,6.5,9.0,4.166,NTWHYG,2.5,qdrbjk,13.166,7,0,32,32,32,,,1470854557.88,['3'],0,[0.7346455613278522],62160810004,2016_Aug_10_1436,PartT,1,176.040528429,
0,5,2.5,2345,5.794,2.5,2.5,5.0,3.294,BQDTJX,2.5,mrkhdw,8.294,6,0,33,33,33,,,1470854571.05,['2'],0,[0.8837070201334427],62160810004,2016_Aug_10_1436,PartT,1,176.040528429,
4,0,2.5,123,4.861,0.0,6.5,6.5,4.861,HNLYGQ,2.5, ,11.361,7,0,34,34,34,,,1470854579.35,None,0,,62160810004,2016_Aug_10_1436,PartT,1,176.040528429,
4,0,2.5,34,4.747,0.0,6.5,6.5,4.747,GTQJKD,2.5, ,11.247,6,0,35,35,35,,,1470854590.72,None,0,,62160810004,2016_Aug_10_1436,PartT,1,176.040528429,
4,0,2.5,123456,4.928,0.0,6.5,6.5,4.928,DHLTQN,2.5, ,11.428,7,0,36,36,36,,,1470854601.97,None,0,,62160810004,2016_Aug_10_1436,PartT,1,176.040528429,
4,5,2.5,3456,7.248,2.5,6.5,9.0,4.748,MDHTBK,2.5,lnrjbq,13.748,6,0,37,37,37,,,1470854613.4,['2'],0,[0.6434746304039436],62160810004,2016_Aug_10_1436,PartT,1,176.040528429,
0,0,2.5,2345,4.363,0.0,2.5,2.5,4.363,KJQWFN,2.5, ,6.863,7,0,38,38,38,,,1470854627.15,None,0,,62160810004,2016_Aug_10_1436,PartT,1,176.040528429,
0,3,2.5,345,6.2,2.5,2.5,5.0,3.7,GDHQYL,2.5,xfkbmr,8.7,7,0,39,39,39,,,1470854634.01,['3'],0,[1.4059603236255498],62160810004,2016_Aug_10_1436,PartT,1,176.040528429,
4,0,2.5,23456,4.616,0.0,6.5,6.5,4.616,DKWJGL,2.5, ,11.116,6,0,40,40,40,,,1470854642.71,None,0,,62160810004,2016_Aug_10_1436,PartT,1,176.040528429,
4,0,2.5,123456,5.243,0.0,6.5,6.5,5.243,RWYKXJ,2.5, ,11.743,6,0,41,41,41,,,1470854653.84,None,0,,62160810004,2016_Aug_10_1436,PartT,1,176.040528429,
4,2,2.5,4,6.511,2.5,6.5,9.0,4.011,QBXNRY,2.5,lnkmdt,13.011,6,0,42,42,42,,,1470854665.59,['2'],0,[0.7082369284871675],62160810004,2016_Aug_10_1436,PartT,1,176.040528429,
0,4,2.5,56,5.705,2.5,2.5,5.0,3.205,BHNXFR,2.5,qlkrtg,8.205,6,0,43,43,43,,,1470854678.6,['2'],0,[0.8921679308077728],62160810004,2016_Aug_10_1436,PartT,1,176.040528429,
0,0,2.5,12,3.525,0.0,2.5,2.5,3.525,HLRYMN,2.5, ,6.025,7,0,44,44,44,,,1470854686.8,None,0,,62160810004,2016_Aug_10_1436,PartT,1,176.040528429,
4,6,2.5,1234,6.6,2.5,6.5,9.0,4.1,MKWYLR,2.5,ghnjqx,13.1,7,0,45,45,45,,,1470854692.84,['3'],0,[0.8865531867377285],62160810004,2016_Aug_10_1436,PartT,1,176.040528429,
4,0,2.5,1,5.229,0.0,6.5,6.5,5.229,RBXYTL,2.5, ,11.729,6,0,46,46,46,,,1470854705.93,None,0,,62160810004,2016_Aug_10_1436,PartT,1,176.040528429,
0,0,2.5,123456,3.577,0.0,2.5,2.5,3.577,QBMKWD,2.5, ,6.077,6,0,47,47,47,,,1470854717.66,None,0,,62160810004,2016_Aug_10_1436,PartT,1,176.040528429,
0,0,2.5,123456,3.949,0.0,2.5,2.5,3.949,MYQJWH,2.5, ,6.449,7,0,48,48,48,,,1470854723.74,None,0,,62160810004,2016_Aug_10_1436,PartT,1,176.040528429,
0,4,2.5,3,6.42,2.5,2.5,5.0,3.92,JKDHQN,2.5,gbxdtm,8.92,6,0,49,49,49,,,1470854730.2,['2'],0,[0.9570804808718094],62160810004,2016_Aug_10_1436,PartT,1,176.040528429,
4,3,2.5,2345,6.553,2.5,6.5,9.0,4.053,DTQJWX,2.5,fhqlrm,13.053,6,0,50,50,50,,,1470854739.12,['2'],0,[1.062385361023189],62160810004,2016_Aug_10_1436,PartT,1,176.040528429,
4,4,2.5,123456,6.865,2.5,6.5,9.0,4.365,NQWRGT,2.5,lmjhky,13.365,7,0,51,51,51,,,1470854752.18,['3'],0,[1.0151352185712312],62160810004,2016_Aug_10_1436,PartT,1,176.040528429,
4,0,2.5,56,4.622,0.0,6.5,6.5,4.622,KLMWHB,2.5, ,11.122,7,0,52,52,52,,,1470854765.53,None,0,,62160810004,2016_Aug_10_1436,PartT,1,176.040528429,
4,1,2.5,23456,6.549,2.5,6.5,9.0,4.049,RBXYLJ,2.5,bqhgkm,13.049,6,0,53,53,53,,,1470854776.66,['2'],0,[0.6815372337550798],62160810004,2016_Aug_10_1436,PartT,1,176.040528429,
4,1,2.5,12,6.686,2.5,6.5,9.0,4.186,JXBMFD,2.5,jtngqh,13.186,6,0,54,54,54,,,1470854789.71,['2'],0,[0.7117255659904913],62160810004,2016_Aug_10_1436,PartT,1,176.040528429,
0,0,2.5,4,3.794,0.0,2.5,2.5,3.794,WGHTRM,2.5, ,6.294,7,0,55,55,55,,,1470854802.91,None,0,,62160810004,2016_Aug_10_1436,PartT,1,176.040528429,
0,0,2.5,12345,3.521,0.0,2.5,2.5,3.521,FMGYRL,2.5, ,6.021,7,0,56,56,56,,,1470854809.2,None,0,,62160810004,2016_Aug_10_1436,PartT,1,176.040528429,
4,3,2.5,1234,7.522,2.5,6.5,9.0,5.022,NBRLGF,2.5,yqrtdk,14.022,6,0,57,57,57,,,1470854815.22,['2'],0,[0.8439961607728037],62160810004,2016_Aug_10_1436,PartT,1,176.040528429,
4,1,2.5,456,6.963,2.5,6.5,9.0,4.463,RLDNYJ,2.5,mqfkxh,13.463,7,0,58,58,58,,,1470854829.24,['3'],0,[1.4369270103798044],62160810004,2016_Aug_10_1436,PartT,1,176.040528429,
4,3,2.5,345,7.333,2.5,6.5,9.0,4.833,JGTWRX,2.5,kdwbnq,13.833,6,0,59,59,59,,,1470854842.71,['2'],0,[0.9002454115670844],62160810004,2016_Aug_10_1436,PartT,1,176.040528429,
4,0,2.5,1234,4.769,0.0,6.5,6.5,4.769,JGQFDT,2.5, ,11.269,6,0,60,60,60,,,1470854856.54,None,0,,62160810004,2016_Aug_10_1436,PartT,1,176.040528429,
4,1,2.5,123456,6.597,2.5,6.5,9.0,4.097,RFTXJW,2.5,jbkygd,13.097,6,0,61,61,61,,,1470854867.82,['2'],0,[0.8499220824432996],62160810004,2016_Aug_10_1436,PartT,1,176.040528429,
4,2,2.5,123456,6.921,2.5,6.5,9.0,4.421,MHFQNW,2.5,bhxygr,13.421,6,0,62,62,62,,,1470854880.91,['2'],0,[1.0373675853097666],62160810004,2016_Aug_10_1436,PartT,1,176.040528429,
4,1,2.5,234,6.513,2.5,6.5,9.0,4.013,RJQXFY,2.5,qhnmbw,13.013,6,0,63,63,63,,,1470854894.34,['2'],0,[0.9118410875944392],62160810004,2016_Aug_10_1436,PartT,1,176.040528429,
4,5,2.5,234,7.251,2.5,6.5,9.0,4.751,GBTKQH,2.5,dfljwy,13.751,7,0,64,64,64,,,1470854907.35,['3'],0,[1.6009155518186162],62160810004,2016_Aug_10_1436,PartT,1,176.040528429,
4,2,2.5,34,6.684,2.5,6.5,9.0,4.184,BLDJFM,2.5,yjhtwq,13.184,6,0,65,65,65,,,1470854921.11,['2'],0,[0.7022465544669103],62160810004,2016_Aug_10_1436,PartT,1,176.040528429,
4,4,2.5,12345,6.872,2.5,6.5,9.0,4.372,JRGXFB,2.5,htlkqm,13.372,7,0,66,66,66,,,1470854934.3,['3'],0,[0.8928411910455907],62160810004,2016_Aug_10_1436,PartT,1,176.040528429,
4,5,2.5,23456,7.913,2.5,6.5,9.0,5.413,XBRTGY,2.5,fkwnjd,14.413,7,0,67,67,67,,,1470854947.68,['3'],0,[1.0014803514750383],62160810004,2016_Aug_10_1436,PartT,1,176.040528429,
4,6,2.5,1234,6.745,2.5,6.5,9.0,4.245,BRFTXJ,2.5,nhgklm,13.245,7,0,68,68,68,,,1470854962.09,['3'],0,[0.85375761317664],62160810004,2016_Aug_10_1436,PartT,1,176.040528429,
4,1,2.5,23456,6.504,2.5,6.5,9.0,4.004,BLNYMG,2.5,gqdthf,13.004,6,0,69,69,69,,,1470854975.34,['2'],0,[0.9739353867225873],62160810004,2016_Aug_10_1436,PartT,1,176.040528429,
4,6,2.5,2,6.636,2.5,6.5,9.0,4.136,TMLNFQ,2.5,dwrkxm,13.136,6,0,70,70,70,,,1470854988.35,['2'],0,[0.53637575803441],62160810004,2016_Aug_10_1436,PartT,1,176.040528429,
4,3,2.5,5,6.53,2.5,6.5,9.0,4.03,XLMQBK,2.5,fhgynw,13.03,7,0,71,71,71,,,1470855001.48,['3'],0,[0.8988147335621761],62160810004,2016_Aug_10_1436,PartT,1,176.040528429,
,,,,,,,,,,,,,,,,,,,,1470855014.51,,,,62160810004,2016_Aug_10_1436,PartT,1,176.040528429,
,,,,,,,,,,,,,,,,,,,,1470855024.51,,,,62160810004,2016_Aug_10_1436,PartT,1,176.040528429,
,,,,,,,,,,,,,,,,,,,,1470855024.51,,,,62160810004,2016_Aug_10_1436,PartT,1,176.040528429,
