RetDur,BotBrack,StimDur,UpBrack,ProbeDurITI,ProbeDur,ProbeStart,TrialDur,ITI,StimSet,RetStart,ProbeLet,TrialITIDur,Correct,trials.thisRepN,trials.thisTrialN,trials.thisN,trials.thisIndex,ScannerTrigger.keys,ScannerTrigger.rt,TrialStartTime,KeyboardResp.keys,KeyboardResp.corr,KeyboardResp.rt,Participant ID,date,expName,Visit ID,frameRate,
,,,,,,,,,,,,,,0,-1,-1,0,equal,26.6999603433,,,,,62160822002,2016_Aug_22_1450,PartT,1,178.016603816,
,,,,,,,,,,,,,,0,-1,-1,0,,,1471891869.93,,,,62160822002,2016_Aug_22_1450,PartT,1,178.016603816,
4,4,2.5,345,6.507,2.5,6.5,9.0,4.007,LXDRFJ,2.5,gynqbh,13.007,7,0,0,0,0,,,1471891879.95,['3'],0,[1.2376838534128183],62160822002,2016_Aug_22_1450,PartT,1,178.016603816,
0,0,2.5,345,3.502,0.0,2.5,2.5,3.502,YXDMLR,2.5, ,6.002,6,0,1,1,1,,,1471891892.96,None,0,,62160822002,2016_Aug_22_1450,PartT,1,178.016603816,
0,0,2.5,56,3.589,0.0,2.5,2.5,3.589,GKQNHJ,2.5, ,6.089,6,0,2,2,2,,,1471891898.95,None,0,,62160822002,2016_Aug_22_1450,PartT,1,178.016603816,
4,4,2.5,234,7.467,2.5,6.5,9.0,4.967,JDMHWQ,2.5,xrtdgl,13.967,6,0,3,3,3,,,1471891905.05,['2'],0,[0.801279030241858],62160822002,2016_Aug_22_1450,PartT,1,178.016603816,
4,0,2.5,345,4.575,0.0,6.5,6.5,4.575,TJFXRG,2.5, ,11.075,6,0,4,4,4,,,1471891919.01,None,0,,62160822002,2016_Aug_22_1450,PartT,1,178.016603816,
4,2,2.5,123456,6.58,2.5,6.5,9.0,4.08,WKXGRJ,2.5,nrbfth,13.08,6,0,5,5,5,,,1471891930.1,['2'],0,[1.0003284196282038],62160822002,2016_Aug_22_1450,PartT,1,178.016603816,
4,5,2.5,23456,6.557,2.5,6.5,9.0,4.057,RYXTHJ,2.5,mwnbyd,13.057,6,0,6,6,6,,,1471891943.18,['3'],0,[1.4523167541628936],62160822002,2016_Aug_22_1450,PartT,1,178.016603816,
4,0,2.5,12345,4.522,0.0,6.5,6.5,4.522,DHTFLB,2.5, ,11.022,7,0,7,7,7,,,1471891956.23,None,0,,62160822002,2016_Aug_22_1450,PartT,1,178.016603816,
4,2,2.5,23,6.986,2.5,6.5,9.0,4.486,NFJTWY,2.5,xmrbhg,13.486,7,0,8,8,8,,,1471891967.26,"['3', '3']",0,"[0.9510379702351202, 2.6043955683053355]",62160822002,2016_Aug_22_1450,PartT,1,178.016603816,
4,0,2.5,4,5.196,0.0,6.5,6.5,5.196,YNXJRW,2.5, ,11.696,7,0,9,9,9,,,1471891980.76,None,0,,62160822002,2016_Aug_22_1450,PartT,1,178.016603816,
0,0,2.5,234,3.504,0.0,2.5,2.5,3.504,NQYXLJ,2.5, ,6.004,7,0,10,10,10,,,1471891992.44,None,0,,62160822002,2016_Aug_22_1450,PartT,1,178.016603816,
0,6,2.5,123,5.603,2.5,2.5,5.0,3.103,MHFLXR,2.5,jkdtnf,8.103,6,0,11,11,11,,,1471891998.45,['2'],0,[1.293681042141543],62160822002,2016_Aug_22_1450,PartT,1,178.016603816,
0,2,2.5,123456,6.15,2.5,2.5,5.0,3.65,HGDJQF,2.5,bqlxwr,8.65,6,0,12,12,12,,,1471892006.56,['2'],0,[2.0625183709726116],62160822002,2016_Aug_22_1450,PartT,1,178.016603816,
4,4,2.5,12,6.999,2.5,6.5,9.0,4.499,BKGRHD,2.5,njqxfy,13.499,7,0,13,13,13,,,1471892015.2,['3'],0,[0.8731803499958914],62160822002,2016_Aug_22_1450,PartT,1,178.016603816,
4,5,2.5,2345,6.814,2.5,6.5,9.0,4.314,XKGNRJ,2.5,lytmqh,13.314,7,0,14,14,14,,,1471892028.71,['3'],0,[1.5758846393218846],62160822002,2016_Aug_22_1450,PartT,1,178.016603816,
0,2,2.5,1,5.666,2.5,2.5,5.0,3.166,LNRXJH,2.5,kgdyfm,8.166,7,0,15,15,15,,,1471892042.02,['3'],0,[1.5543616589784506],62160822002,2016_Aug_22_1450,PartT,1,178.016603816,
0,5,2.5,23456,6.618,2.5,2.5,5.0,4.118,MDJHWK,2.5,btfgkr,9.118,6,0,16,16,16,,,1471892050.2,['2'],0,[1.4155743977189559],62160822002,2016_Aug_22_1450,PartT,1,178.016603816,
4,2,2.5,4,6.551,2.5,6.5,9.0,4.051,MWLDYH,2.5,nkjfgr,13.051,7,0,17,17,17,,,1471892059.31,['3'],0,[0.8325995891464117],62160822002,2016_Aug_22_1450,PartT,1,178.016603816,
0,3,2.5,45,5.558,2.5,2.5,5.0,3.058,TXJGDQ,2.5,ryfbmw,8.058,7,0,18,18,18,,,1471892072.36,['3'],0,[1.1271731116285082],62160822002,2016_Aug_22_1450,PartT,1,178.016603816,
4,4,2.5,5,6.662,2.5,6.5,9.0,4.162,FQHLYT,2.5,xrjdkn,13.162,7,0,19,19,19,,,1471892080.43,['3'],0,[0.769688346194016],62160822002,2016_Aug_22_1450,PartT,1,178.016603816,
0,3,2.5,123456,5.579,2.5,2.5,5.0,3.079,YRBWLK,2.5,mfnhdq,8.079,7,0,20,20,20,,,1471892093.6,['3'],0,[1.1880998789783916],62160822002,2016_Aug_22_1450,PartT,1,178.016603816,
4,0,2.5,2345,4.994,0.0,6.5,6.5,4.994,NWLGFK,2.5, ,11.494,7,0,21,21,21,,,1471892101.68,None,0,,62160822002,2016_Aug_22_1450,PartT,1,178.016603816,
0,4,2.5,12345,5.564,2.5,2.5,5.0,3.064,GYKWTB,2.5,ldxqnf,8.064,7,0,22,22,22,,,1471892113.17,['3'],0,[1.579468929039649],62160822002,2016_Aug_22_1450,PartT,1,178.016603816,
4,1,2.5,12345,6.703,2.5,6.5,9.0,4.203,HWRQXK,2.5,fydbng,13.203,7,0,23,23,23,,,1471892121.24,['3'],0,[1.8050673506550083],62160822002,2016_Aug_22_1450,PartT,1,178.016603816,
0,0,2.5,2345,3.779,0.0,2.5,2.5,3.779,RTDFBG,2.5, ,6.279,6,0,24,24,24,,,1471892134.45,None,0,,62160822002,2016_Aug_22_1450,PartT,1,178.016603816,
0,0,2.5,12345,3.532,0.0,2.5,2.5,3.532,QJXNDK,2.5, ,6.032,6,0,25,25,25,,,1471892140.72,None,0,,62160822002,2016_Aug_22_1450,PartT,1,178.016603816,
0,0,2.5,4,3.745,0.0,2.5,2.5,3.745,RDXLBF,2.5, ,6.245,6,0,26,26,26,,,1471892146.76,None,0,,62160822002,2016_Aug_22_1450,PartT,1,178.016603816,
4,6,2.5,123456,6.504,2.5,6.5,9.0,4.004,YDFHTM,2.5,wrqxbg,13.004,7,0,27,27,27,,,1471892153.02,['3'],0,[1.275233711618057],62160822002,2016_Aug_22_1450,PartT,1,178.016603816,
0,4,2.5,2345,5.59,2.5,2.5,5.0,3.09,DMYNBQ,2.5,jfrhtl,8.09,7,0,28,28,28,,,1471892166.01,None,0,,62160822002,2016_Aug_22_1450,PartT,1,178.016603816,
4,6,2.5,12,6.517,2.5,6.5,9.0,4.017,FTHKMG,2.5,jqwxrb,13.017,7,0,29,29,29,,,1471892174.11,['3'],0,[1.0475432569692202],62160822002,2016_Aug_22_1450,PartT,1,178.016603816,
4,5,2.5,4,6.853,2.5,6.5,9.0,4.353,NJRKLB,2.5,hdgqkm,13.353,6,0,30,30,30,,,1471892187.14,['2'],0,[0.8985593873003381],62160822002,2016_Aug_22_1450,PartT,1,178.016603816,
4,5,2.5,45,6.504,2.5,6.5,9.0,4.004,FKMLQB,2.5,jdwnqr,13.004,6,0,31,31,31,,,1471892200.49,['2'],0,[1.3317218876909465],62160822002,2016_Aug_22_1450,PartT,1,178.016603816,
4,3,2.5,123456,6.666,2.5,6.5,9.0,4.166,NTWHYG,2.5,qdrbjk,13.166,7,0,32,32,32,,,1471892213.5,['2'],0,[1.6395906577745336],62160822002,2016_Aug_22_1450,PartT,1,178.016603816,
0,5,2.5,2345,5.794,2.5,2.5,5.0,3.294,BQDTJX,2.5,mrkhdw,8.294,6,0,33,33,33,,,1471892226.67,['2'],0,[1.7553581662359647],62160822002,2016_Aug_22_1450,PartT,1,178.016603816,
4,0,2.5,123,4.861,0.0,6.5,6.5,4.861,HNLYGQ,2.5, ,11.361,7,0,34,34,34,,,1471892234.97,None,0,,62160822002,2016_Aug_22_1450,PartT,1,178.016603816,
4,0,2.5,34,4.747,0.0,6.5,6.5,4.747,GTQJKD,2.5, ,11.247,6,0,35,35,35,,,1471892246.33,None,0,,62160822002,2016_Aug_22_1450,PartT,1,178.016603816,
4,0,2.5,123456,4.928,0.0,6.5,6.5,4.928,DHLTQN,2.5, ,11.428,7,0,36,36,36,,,1471892257.57,None,0,,62160822002,2016_Aug_22_1450,PartT,1,178.016603816,
4,5,2.5,3456,7.248,2.5,6.5,9.0,4.748,MDHTBK,2.5,lnrjbq,13.748,6,0,37,37,37,,,1471892269.01,['2'],0,[0.9138982260410558],62160822002,2016_Aug_22_1450,PartT,1,178.016603816,
0,0,2.5,2345,4.363,0.0,2.5,2.5,4.363,KJQWFN,2.5, ,6.863,7,0,38,38,38,,,1471892282.75,None,0,,62160822002,2016_Aug_22_1450,PartT,1,178.016603816,
0,3,2.5,345,6.2,2.5,2.5,5.0,3.7,GDHQYL,2.5,xfkbmr,8.7,7,0,39,39,39,,,1471892289.63,['3'],0,[1.1198973852879135],62160822002,2016_Aug_22_1450,PartT,1,178.016603816,
4,0,2.5,23456,4.616,0.0,6.5,6.5,4.616,DKWJGL,2.5, ,11.116,6,0,40,40,40,,,1471892298.32,None,0,,62160822002,2016_Aug_22_1450,PartT,1,178.016603816,
4,0,2.5,123456,5.243,0.0,6.5,6.5,5.243,RWYKXJ,2.5, ,11.743,6,0,41,41,41,,,1471892309.45,None,0,,62160822002,2016_Aug_22_1450,PartT,1,178.016603816,
4,2,2.5,4,6.511,2.5,6.5,9.0,4.011,QBXNRY,2.5,lnkmdt,13.011,6,0,42,42,42,,,1471892321.19,['2'],0,[1.552051637418117],62160822002,2016_Aug_22_1450,PartT,1,178.016603816,
0,4,2.5,56,5.705,2.5,2.5,5.0,3.205,BHNXFR,2.5,qlkrtg,8.205,6,0,43,43,43,,,1471892334.2,['2'],0,[1.2162384622079117],62160822002,2016_Aug_22_1450,PartT,1,178.016603816,
0,0,2.5,12,3.525,0.0,2.5,2.5,3.525,HLRYMN,2.5, ,6.025,7,0,44,44,44,,,1471892342.41,None,0,,62160822002,2016_Aug_22_1450,PartT,1,178.016603816,
4,6,2.5,1234,6.6,2.5,6.5,9.0,4.1,MKWYLR,2.5,ghnjqx,13.1,7,0,45,45,45,,,1471892348.45,['3'],0,[1.3962973971101746],62160822002,2016_Aug_22_1450,PartT,1,178.016603816,
4,0,2.5,1,5.229,0.0,6.5,6.5,5.229,RBXYTL,2.5, ,11.729,6,0,46,46,46,,,1471892361.54,None,0,,62160822002,2016_Aug_22_1450,PartT,1,178.016603816,
0,0,2.5,123456,3.577,0.0,2.5,2.5,3.577,QBMKWD,2.5, ,6.077,6,0,47,47,47,,,1471892373.27,None,0,,62160822002,2016_Aug_22_1450,PartT,1,178.016603816,
0,0,2.5,123456,3.949,0.0,2.5,2.5,3.949,MYQJWH,2.5, ,6.449,7,0,48,48,48,,,1471892379.35,None,0,,62160822002,2016_Aug_22_1450,PartT,1,178.016603816,
0,4,2.5,3,6.42,2.5,2.5,5.0,3.92,JKDHQN,2.5,gbxdtm,8.92,6,0,49,49,49,,,1471892385.81,['2'],0,[0.9028362319095322],62160822002,2016_Aug_22_1450,PartT,1,178.016603816,
4,3,2.5,2345,6.553,2.5,6.5,9.0,4.053,DTQJWX,2.5,fhqlrm,13.053,6,0,50,50,50,,,1471892394.73,['2'],0,[0.9387542550866783],62160822002,2016_Aug_22_1450,PartT,1,178.016603816,
4,4,2.5,123456,6.865,2.5,6.5,9.0,4.365,NQWRGT,2.5,lmjhky,13.365,7,0,51,51,51,,,1471892407.79,['3'],0,[1.74166840455473],62160822002,2016_Aug_22_1450,PartT,1,178.016603816,
4,0,2.5,56,4.622,0.0,6.5,6.5,4.622,KLMWHB,2.5, ,11.122,7,0,52,52,52,,,1471892421.16,None,0,,62160822002,2016_Aug_22_1450,PartT,1,178.016603816,
4,1,2.5,23456,6.549,2.5,6.5,9.0,4.049,RBXYLJ,2.5,bqhgkm,13.049,6,0,53,53,53,,,1471892432.29,['2'],0,[0.870238531175346],62160822002,2016_Aug_22_1450,PartT,1,178.016603816,
4,1,2.5,12,6.686,2.5,6.5,9.0,4.186,JXBMFD,2.5,jtngqh,13.186,6,0,54,54,54,,,1471892445.34,['3'],0,[0.8303076306656294],62160822002,2016_Aug_22_1450,PartT,1,178.016603816,
0,0,2.5,4,3.794,0.0,2.5,2.5,3.794,WGHTRM,2.5, ,6.294,7,0,55,55,55,,,1471892458.53,None,0,,62160822002,2016_Aug_22_1450,PartT,1,178.016603816,
0,0,2.5,12345,3.521,0.0,2.5,2.5,3.521,FMGYRL,2.5, ,6.021,7,0,56,56,56,,,1471892464.83,None,0,,62160822002,2016_Aug_22_1450,PartT,1,178.016603816,
4,3,2.5,1234,7.522,2.5,6.5,9.0,5.022,NBRLGF,2.5,yqrtdk,14.022,6,0,57,57,57,,,1471892470.85,['2'],0,[1.3835448629433813],62160822002,2016_Aug_22_1450,PartT,1,178.016603816,
4,1,2.5,456,6.963,2.5,6.5,9.0,4.463,RLDNYJ,2.5,mqfkxh,13.463,7,0,58,58,58,,,1471892484.88,['3'],0,[0.8017720702082443],62160822002,2016_Aug_22_1450,PartT,1,178.016603816,
4,3,2.5,345,7.333,2.5,6.5,9.0,4.833,JGTWRX,2.5,kdwbnq,13.833,6,0,59,59,59,,,1471892498.34,['2'],0,[1.1411473668140388],62160822002,2016_Aug_22_1450,PartT,1,178.016603816,
4,0,2.5,1234,4.769,0.0,6.5,6.5,4.769,JGQFDT,2.5, ,11.269,6,0,60,60,60,,,1471892512.18,None,0,,62160822002,2016_Aug_22_1450,PartT,1,178.016603816,
4,1,2.5,123456,6.597,2.5,6.5,9.0,4.097,RFTXJW,2.5,jbkygd,13.097,6,0,61,61,61,,,1471892523.44,None,0,,62160822002,2016_Aug_22_1450,PartT,1,178.016603816,
4,2,2.5,123456,6.921,2.5,6.5,9.0,4.421,MHFQNW,2.5,bhxygr,13.421,6,0,62,62,62,,,1471892536.55,['2'],0,[0.9508273711489892],62160822002,2016_Aug_22_1450,PartT,1,178.016603816,
4,1,2.5,234,6.513,2.5,6.5,9.0,4.013,RJQXFY,2.5,qhnmbw,13.013,6,0,63,63,63,,,1471892549.96,['2'],0,[1.1113683275398216],62160822002,2016_Aug_22_1450,PartT,1,178.016603816,
4,5,2.5,234,7.251,2.5,6.5,9.0,4.751,GBTKQH,2.5,dfljwy,13.751,7,0,64,64,64,,,1471892562.99,['3'],0,[0.8717545982854062],62160822002,2016_Aug_22_1450,PartT,1,178.016603816,
4,2,2.5,34,6.684,2.5,6.5,9.0,4.184,BLDJFM,2.5,yjhtwq,13.184,6,0,65,65,65,,,1471892576.73,['2'],0,[1.0787164375669818],62160822002,2016_Aug_22_1450,PartT,1,178.016603816,
4,4,2.5,12345,6.872,2.5,6.5,9.0,4.372,JRGXFB,2.5,htlkqm,13.372,7,0,66,66,66,,,1471892589.91,['3'],0,[0.9949608113274735],62160822002,2016_Aug_22_1450,PartT,1,178.016603816,
4,5,2.5,23456,7.913,2.5,6.5,9.0,5.413,XBRTGY,2.5,fkwnjd,14.413,7,0,67,67,67,,,1471892603.3,['2'],0,[1.3363304361246264],62160822002,2016_Aug_22_1450,PartT,1,178.016603816,
4,6,2.5,1234,6.745,2.5,6.5,9.0,4.245,BRFTXJ,2.5,nhgklm,13.245,7,0,68,68,68,,,1471892617.71,['3'],0,[1.2650847240547591],62160822002,2016_Aug_22_1450,PartT,1,178.016603816,
4,1,2.5,23456,6.504,2.5,6.5,9.0,4.004,BLNYMG,2.5,gqdthf,13.004,6,0,69,69,69,,,1471892630.96,['2'],0,[1.3520137049508776],62160822002,2016_Aug_22_1450,PartT,1,178.016603816,
4,6,2.5,2,6.636,2.5,6.5,9.0,4.136,TMLNFQ,2.5,dwrkxm,13.136,6,0,70,70,70,,,1471892643.97,['3'],0,[1.1695753698404587],62160822002,2016_Aug_22_1450,PartT,1,178.016603816,
4,3,2.5,5,6.53,2.5,6.5,9.0,4.03,XLMQBK,2.5,fhgynw,13.03,7,0,71,71,71,,,1471892657.11,['3'],0,[0.8736779057344393],62160822002,2016_Aug_22_1450,PartT,1,178.016603816,
,,,,,,,,,,,,,,,,,,,,1471892670.13,,,,62160822002,2016_Aug_22_1450,PartT,1,178.016603816,
,,,,,,,,,,,,,,,,,,,,1471892680.13,,,,62160822002,2016_Aug_22_1450,PartT,1,178.016603816,
,,,,,,,,,,,,,,,,,,,,1471892680.13,,,,62160822002,2016_Aug_22_1450,PartT,1,178.016603816,
